//Output looks like this

1042 1042 1042 119 -1258 1620
1105 1105 1105 -834 801 4546
1055 1055 1055 -285 -1082 3236
1154 1154 1154 160 1381 6471
1118 1118 1118 -121 2156 8213
1009 1009 1009 -1038 2387 7347
978 978 978 -6 2020 5431
893 893 893 154 -18 203
856 856 856 199 204 704
907 907 907 701 1258 2538
853 853 853 240 -235 1846
986 986 986 608 1375 1445
956 956 956 -162 1161 4051
850 850 850 -546 757 6089
775 775 775 684 -137 4087
878 878 878 4936 -9110 -10443
1002 1002 1002 -864 516 -3570
908 908 908 -900 115 -1038
946 946 946 91 -1295 -3612
1019 1019 1019 55 964 -3838
1046 1046 1046 1191 -1669 -1480
942 942 942 208 -843 -34
994 994 994 -5210 9266 5088
1141 1141 1141 1670 -6513 -2164
1061 1061 1061 -3577 99 2119
1043 1043 1043 1621 190 2124
1043 1043 1043 927 -66 2212
1041 1041 1041 802 223 2124
1043 1043 1043 397 5 2179
999 999 999 741 400 1990
1072 1072 1072 -4804 -694 2360
1037 1037 1037 157 -185 2342
1036 1036 1036 -490 -10 2132
1041 1041 1041 145 -133 2237
1039 1039 1039 167 -118 2239
1043 1043 1043 177 -101 2233
1048 1048 1048 155 -78 2194
1043 1043 1043 176 -108 2215
1041 1041 1041 173 -98 2211
1044 1044 1044 160 -90 2205
1044 1044 1044 177 -91 2223
1044 1044 1044 174 -94 2231
1043 1043 1043 169 -92 2203
1044 1044 1044 170 -80 2214
1042 1042 1042 185 -408 2332
1043 1043 1043 171 -105 2226
1045 1045 1045 176 -160 2216
1047 1047 1047 169 -62 2199
